2522 3698
834 2418
561 117
97 554
2401 239
1613 1832
2277 1806
1846 931
1821 1022
84 2422
1666 2187
1237 2366
107 2038
1441 1707
2220 191
1054 275
2079 222
672 1610
2055 2298
1937 644
1435 2320
1600 1889
1058 1197
724 2257
1226 1162
2118 1477
1984 284
479 1891
618 253
1226 39
513 400
1936 2459
932 781
82 26
2157 2328
1464 1252
562 1681
2040 1214
358 1733
848 1104
1642 2294
1760 889
1496 2306
912 1833
561 591
1051 1727
1231 1376
1685 2036
321 1537
1061 2349
2483 1031
1809 1121
1678 792
1074 881
2504 2026
1851 1759
937 1281
1519 1339
1418 297
1762 59
2006 2446
838 9
2494 1790
2362 1096
2116 34
1570 139
1273 1879
869 2216
2033 1015
405 1483
1404 821
597 1665
2493 1339
2389 397
2023 1559
2062 129
2409 1531
1514 241
1565 406
715 2465
1034 133
646 2078
885 803
1319 2162
1779 2484
258 507
218 1982
1287 1432
2434 2022
1399 132
241 791
600 1297
2114 2419
60 2164
2402 1161
796 2091
2242 2071
820 1131
373 1411
546 1859
1485 1601
1863 2418
1162 1882
312 2448
2381 1654
1591 2093
2239 368
927 998
1896 976
1973 2395
507 415
1422 1683
1256 2332
638 2303
369 2325
788 319
2097 1227
2411 1116
626 1999
1400 1721
1792 2462
2022 2204
665 258
1375 2412
371 1926
1184 2114
652 2256
1145 1168
1517 1286
2155 16
688 2278
1442 2370
2440 471
155 2489
1622 1397
448 2021
544 437
217 880
2446 429
12 1889
1597 1287
266 1920
1657 709
828 1119
1839 595
939 717
252 27
1768 894
1737 2294
1918 1842
1318 1687
746 1816
1434 445
2344 509
1060 1019
2242 1529
2482 1448
225 1856
1488 2502
1072 362
1398 816
1113 213
2177 2042
727 2161
2110 932
435 1440
1036 2123
259 220
34 1168
426 408
1673 2148
600 1573
314 1085
618 1420
2284 1847
2248 911
2326 1260
239 1328
1137 2223
2077 441
1057 2054
2037 550
1190 1944
1731 2163
2496 94
103 1882
1063 1600
16 498
309 234
1977 2079
283 597
1997 457
2073 80
2000 1293
1044 2112
1853 900
1479 32
1525 300
1395 558
183 653
127 1046
528 607
166 2173
150 2506
569 244
866 2211
942 648
199 2453
1045 1815
963 1831
2376 823
782 1772
1667 686
2217 1380
337 2417
408 1990
2340 1702
1841 1834
1600 1784
418 2453
2080 1287
2420 2203
1280 1500
1549 950
2515 2250
338 1576
2275 49
1992 2045
277 1097
960 1334
932 2000
1979 600
1295 1046
179 120
2017 912
2489 921
1183 2394
190 1836
2485 192
463 840
81 1016
1800 1171
2034 1579
726 1407
1422 2177
634 2216
158 1427
1667 1721
2139 1879
235 2137
2310 114
262 1732
2180 1350
1341 396
2373 1404
1183 101
370 1666
483 671
2057 2233
2106 234
2012 1176
118 490
1691 407
1075 1184
312 852
212 1361
2465 58
12 1848
2191 2366
1472 1628
407 2325
98 5
283 1445
130 2122
1948 1447
957 2141
1913 1662
1800 2156
765 1178
1562 586
1758 937
1825 825
1596 1416
208 1453
1252 908
2267 1159
222 241
1013 2470
2160 1501
463 1958
385 1237
1891 1413
1371 1054
1580 52
1870 1078
1736 2224
191 1458
263 470
503 2521
1590 1467
2359 1302
1371 1651
2098 58
2401 86
1195 1824
2191 1108
218 1190
1797 528
1012 569
1388 1602
1037 28
2480 1550
2351 494
1811 2229
1636 1694
2150 976
1282 1692
2463 137
342 1735
2513 1257
525 1191
2077 2489
957 953
2292 221
1878 301
1661 1031
974 510
1911 2284
208 27
1185 2403
1493 2447
2157 2306
1759 1565
246 681
1036 280
1853 2495
1145 2214
356 868
1222 248
2295 1887
329 1618
1369 2176
1067 92
474 1283
1281 863
1690 1824
780 748
1669 917
375 1718
429 1776
1860 810
753 1036
1965 1335
865 602
1265 1449
463 116
726 2244
454 666
2298 1462
838 1184
856 74
91 738
1889 243
461 559
1661 1792
2285 1341
2108 1009
1786 2345
2236 1353
862 383
484 1908
268 249
223 1212
2441 1723
2273 2321
434 247
2222 1139
1723 1400
1261 2114
658 637
497 215
979 1758
202 1155
2252 17
1644 1368
1150 911
2504 1592
2413 764
1419 1408
1808 2453
248 430
1493 11
1428 1319
355 433
2010 106
1561 1260
2156 1822
336 2406
1312 1605
1726 993
255 1807
1071 2355
2419 565
2330 914
2303 2034
1568 1917
2227 1245
955 175
2520 1671
866 1513
1410 580
2281 733
2294 169
109 2043
2116 233
2079 289
1019 1924
974 1792
2111 1485
269 580
1187 1101
752 1128
660 192
575 1123
2398 2162
1595 147
867 2442
1682 604
1991 278
1092 1436
978 87
2448 1153
2312 2315
2213 758
46 2027
1237 418
1883 486
1954 587
2330 321
1881 1492
842 1535
1904 1432
919 2206
885 583
168 864
94 782
453 1750
1690 60
296 2403
2140 276
1352 2480
3 1751
1014 893
1189 224
499 2271
1094 583
538 2361
2160 2296
1246 1416
820 1101
1221 2059
2444 2270
2203 840
973 1679
1691 398
1669 799
247 690
1100 1576
609 1810
541 1909
188 1679
1790 904
2063 1063
1269 1676
660 1745
2136 785
2345 243
1955 2474
1960 613
1236 1367
952 936
185 2267
151 2159
1327 151
612 1588
651 1988
502 1877
2254 694
1385 348
1667 479
2178 2423
227 1488
1150 725
996 2448
2236 1918
633 206
495 2396
650 1476
1123 2362
2240 940
1344 2409
589 1227
2211 1175
545 1378
2345 1836
1747 1549
325 248
346 700
671 75
454 226
2045 563
2153 2488
633 1966
1954 2311
2297 1911
143 526
985 217
484 2404
173 535
2023 76
1673 873
968 2173
1421 2149
2458 1715
1834 1213
2206 784
2155 87
954 649
2059 734
1562 486
1989 1476
1184 1290
671 2444
1509 161
963 958
1749 2122
1538 1716
2312 1589
805 33
1219 943
869 860
1622 1040
2412 1532
2053 399
817 1101
448 1269
146 1821
1172 1255
1864 123
779 1216
250 1020
2123 1033
1932 2386
2221 994
511 1000
1179 556
2038 2108
139 2367
1787 986
189 624
919 1768
591 1834
927 1263
773 1684
1452 839
1515 1617
364 1909
238 1060
796 2268
684 1047
1737 2152
1603 874
2349 1828
202 582
956 2200
2392 910
1727 263
2510 1252
2515 719
333 2021
1729 858
376 1939
256 2352
542 2150
1420 2090
1253 1862
2269 652
1487 467
1798 744
270 984
2190 1416
403 1561
447 482
162 675
2315 1200
60 2412
307 314
73 2209
528 1151
2156 2427
1 1334
883 478
1544 1322
2124 1109
747 958
2278 793
1901 13
796 1029
2264 87
1158 598
1813 1249
2365 1220
277 687
1854 1848
910 2263
1507 740
645 920
166 933
664 1512
2073 218
2457 805
1707 1724
652 1953
2388 1059
188 658
1468 1036
1695 2031
1902 12
63 2298
406 2286
314 2104
2287 1660
309 498
648 1672
2366 1134
2171 991
518 1
36 2381
657 1200
1209 1524
147 7
697 1402
1758 2243
646 1058
1030 1719
1530 1899
1734 2260
465 413
1389 1122
2390 606
1003 229
467 2285
1510 2130
2342 858
755 1885
626 511
991 2338
1925 592
942 694
325 2323
2383 1944
1961 982
2356 1856
1763 472
1603 108
1439 123
87 1384
2368 1135
2341 1997
2082 2245
1432 666
1258 1890
1878 623
1710 2000
2344 1297
2438 2472
1219 2236
1982 1872
944 110
1678 987
1639 1165
2463 2062
2315 2271
423 359
281 800
1320 993
2305 1825
972 91
2400 1776
169 866
659 474
674 855
41 680
412 1224
489 1323
432 1811
11 1762
1014 162
1928 584
2087 919
582 1115
621 1092
2136 2153
2399 389
61 1389
971 1984
2264 2289
1102 65
1807 1772
2068 238
567 2345
576 1029
671 735
1271 169
2363 1731
1958 1994
1310 1751
1558 920
1338 1060
411 1193
257 1483
1201 2054
144 811
1999 927
2231 1208
269 2072
2407 116
1895 2401
425 766
870 2308
1213 1053
1971 941
947 393
1700 864
1971 550
2243 1598
1234 397
1550 2214
1493 257
1394 2357
5 1149
1862 1802
1340 1689
1422 355
1500 824
956 1136
174 1571
1295 864
878 1047
2182 705
183 184
2293 1416
1637 251
1152 582
20 2452
2116 1560
1746 2471
2215 1446
1911 1654
972 146
1478 1223
1232 803
121 1319
1409 544
343 1567
81 2251
1352 2120
2244 1202
542 2093
203 2278
1227 1656
1739 1449
1860 2442
187 2512
245 2170
2166 91
879 1119
2369 2334
1058 947
972 2002
1542 1084
1084 1681
2440 1025
1064 2189
2381 628
2464 1745
2159 2349
94 578
195 2126
707 948
1668 521
1301 1805
549 977
1092 1230
2099 1163
989 360
1971 110
1813 2188
2002 1751
14 1291
1964 2084
55 498
1478 1505
1811 779
2041 1410
2160 2148
543 1539
2029 37
1822 71
103 2441
1522 265
2239 1603
2086 467
2435 1390
315 1638
75 1128
2033 1371
1287 1968
2069 1232
1260 2029
476 1583
1453 962
503 137
207 291
1314 1593
677 333
1759 1634
138 2274
197 297
1620 1363
1813 645
2035 55
662 2311
347 1507
903 1178
72 33
1568 163
1560 1703
1754 1319
1500 1279
1101 2446
52 1315
1848 1199
51 2177
42 1591
1586 1148
2489 1346
1355 2149
1425 2487
65 1483
1642 1099
2196 1198
1678 1058
1434 606
1105 113
1309 2362
1117 914
1517 1174
2513 8
1982 1837
728 123
544 1720
2509 1292
889 2106
653 866
1681 1139
2035 794
1224 110
138 1992
1017 920
2078 1747
2321 1133
1731 1652
1836 157
1048 1671
737 2461
1761 539
221 1020
1167 707
670 366
138 246
2492 1742
1462 172
664 2149
1653 1980
1312 265
2297 1382
1931 914
1131 540
1300 516
1496 2361
869 951
468 1303
877 1445
1965 2373
538 609
2087 2231
814 1470
1007 1707
1203 731
1274 1421
1841 809
1036 1841
2406 686
446 2420
1262 1399
1927 816
1755 2442
2215 2209
1240 2321
2489 1585
68 2213
1524 2223
962 474
865 433
777 132
1995 2024
573 1577
1723 1014
685 166
1203 819
1557 1402
2136 926
2467 194
99 1854
1099 2460
1939 1297
1149 157
1416 1995
815 857
356 1497
2173 272
2168 1796
1619 1114
1889 1875
1030 2279
280 697
506 1145
992 1598
1869 820
226 163
1266 107
1202 2017
342 266
104 2146
1691 1669
454 87
350 1771
557 96
2456 2406
730 2430
2426 597
1 793
2515 612
1569 1814
1120 1487
1535 985
1018 467
290 1788
1602 1498
1350 2080
980 1411
1275 1519
89 923
1318 129
1677 342
1599 814
1131 1972
509 1213
403 1829
1029 631
1096 123
838 1858
694 703
904 1308
1017 977
1751 25
2082 518
2067 1150
955 2312
1490 1420
1366 1869
1969 230
721 1399
2417 847
625 1172
703 2247
2480 363
410 1720
1637 2433
1279 1311
2066 1625
841 599
1875 1452
1221 1910
2193 1097
960 2284
2108 758
942 1470
1985 2107
1641 2438
570 2091
1068 862
667 1573
365 836
1190 1667
1387 70
381 1967
1020 2200
802 1010
1283 1811
372 779
88 2399
523 333
1796 340
460 513
2076 22
1175 2385
1714 807
910 1246
1198 784
222 1483
296 1013
1455 1303
79 2013
274 571
1422 1466
1866 479
2097 249
1751 850
1907 324
1506 1249
414 1555
1895 1863
1392 1444
616 151
1331 1998
628 1831
1225 95
464 2121
1230 1129
279 875
2460 1563
210 39
521 707
1917 1976
323 2405
220 2155
1347 1224
653 2250
468 2283
2060 2228
2056 1199
299 2115
1531 898
2443 82
539 1930
1788 2148
1822 325
1305 2508
1902 2411
662 344
225 133
1452 1756
2381 2059
1456 2272
1012 297
2193 2104
15 1461
675 1222
206 1996
2077 1599
1978 614
1739 1545
1142 1116
770 1618
606 297
1203 2123
1454 2244
2367 1781
1402 956
1771 51
1664 176
276 132
2376 2177
1657 2481
411 2114
1424 1214
2409 2272
632 731
1164 2364
1492 1823
1395 738
203 287
424 2439
2297 2177
1756 1132
124 744
228 1584
371 2394
1516 1585
1707 1175
1932 34
2241 1755
1575 698
27 769
1743 2504
1120 765
1954 1346
388 2411
276 2024
453 1069
2126 2123
1036 1372
1166 1832
1245 615
316 1733
273 2036
1143 2143
1050 1709
2122 1152
2453 2206
1895 100
2085 1849
309 1097
448 404
740 2452
738 2347
1572 2270
20 948
557 719
1442 2280
2058 992
367 1752
1166 2333
1712 264
2085 119
1394 2518
2307 1376
1562 1599
2435 258
153 704
692 121
1890 515
2131 1263
1177 436
1135 735
1816 517
349 1600
961 1452
1657 2152
257 2352
2404 491
1465 1135
235 2507
1526 2285
2131 498
238 1705
658 1697
2309 850
1104 134
2050 273
2279 1884
398 1730
1733 2061
2074 1767
1490 669
52 1019
1856 1443
720 1982
2188 2268
1183 1872
1121 2273
2485 1180
311 1207
208 1799
1303 1246
1204 304
2496 1728
73 452
596 2260
2222 186
1117 2108
1716 116
2175 959
776 884
1172 2085
2032 1529
1567 2305
2150 1412
935 427
1151 8
862 741
752 2387
1922 441
993 1986
1810 890
948 1266
190 663
576 1658
431 905
1718 647
1953 884
302 624
909 1238
539 1649
495 1136
317 374
813 1132
1325 261
2365 816
487 2287
503 457
1321 1449
2480 691
1803 811
1658 1938
2167 1042
891 207
2026 1768
2105 1026
2503 554
1073 184
275 928
86 1273
2041 2194
2271 622
719 532
2343 2363
2409 1599
867 1602
269 1049
1183 1052
1788 1252
972 1708
473 706
888 2410
1326 1282
1376 2041
792 440
528 1288
551 826
1668 283
1123 1627
751 1718
1784 2121
2423 356
687 1448
2294 1577
1196 2469
1875 2036
1203 1416
973 2489
1387 1396
1812 1204
1441 904
1844 182
507 822
2339 295
846 1110
2135 76
559 292
788 1558
2481 1857
1132 640
2104 238
2354 458
2035 1102
1432 2175
522 428
1849 2297
1497 2495
1600 773
1611 1288
62 1215
1371 302
712 246
877 424
1362 2322
2308 270
1784 1760
2168 2233
308 1342
525 157
1696 1222
130 2426
115 2508
59 1045
315 2217
2048 724
2407 1171
1389 1206
1203 1431
856 1200
1049 2359
1676 445
1148 2236
85 361
369 1620
1532 2178
1613 729
96 743
1990 1550
990 670
1393 2457
1011 2164
939 871
1891 1484
1104 1585
2144 787
1001 1477
1792 1835
1586 656
603 1177
1214 786
2156 1414
1447 568
1345 848
1819 1808
394 1148
1088 803
1238 523
1504 1116
1095 2059
853 8
2424 1847
1441 2078
1169 2017
792 2054
1966 549
685 931
1790 398
1824 2007
766 74
678 680
1658 470
1060 375
1464 238
1472 263
2019 1996
1318 2426
330 1430
1793 1581
559 1865
1906 166
861 1412
760 1702
2051 2348
1228 61
1332 231
1328 666
413 2320
882 652
1449 167
2437 1825
2446 1117
1157 724
599 1063
518 20
503 398
897 140
85 1055
77 335
1876 1132
1136 1160
1980 76
563 1838
2094 1087
486 2440
1978 1091
26 1749
2416 2451
2017 763
1464 1739
360 26
1279 2396
1662 925
950 1294
1447 1690
2408 1391
790 505
166 299
1940 1840
1840 1876
205 270
2337 767
1693 1180
1722 2178
882 2165
2126 1399
612 1787
452 754
1005 293
696 823
1708 615
2111 900
2427 2176
1935 1099
507 877
2126 462
805 146
277 1451
1320 1299
2453 2211
124 872
308 2458
2218 555
366 1691
1097 2352
164 378
1963 2103
1652 695
1098 1489
1748 2065
619 1808
121 885
875 1830
2213 2270
2060 877
1424 151
62 1684
2322 1702
261 1695
578 1991
1986 18
1200 89
2371 1192
1543 2515
2301 171
96 2277
640 2469
348 325
1921 1407
379 1856
1183 1249
232 1872
1344 730
389 447
1505 595
473 1767
1632 72
1611 2063
2270 540
1997 1215
1884 1276
1072 244
641 826
2042 1706
843 1297
696 796
81 1339
281 1355
6 424
347 2000
1793 267
1656 1746
879 592
248 321
130 326
512 2495
1097 1620
2207 1474
2324 2469
1669 1122
2448 258
2508 1611
1810 111
188 815
46 2090
1512 1496
1139 1330
498 886
969 998
2046 894
1111 857
1870 94
1628 1922
2040 874
1494 435
510 381
1907 897
1176 1283
1028 1703
847 698
765 763
1643 1105
1244 1906
689 1374
1020 2059
302 1733
1903 2501
571 1133
462 1692
150 329
665 485
2124 2044
2286 2089
632 1235
1606 204
421 2156
1933 406
2140 2466
340 225
628 1085
567 790
2017 238
933 654
962 790
44 1764
2186 1193
1428 889
2292 1792
2056 1586
769 2374
1445 2410
1852 1997
1142 1287
309 1622
925 2126
1009 1069
2008 635
32 787
710 897
2077 26
716 1817
2210 1731
2070 2479
1577 1050
51 936
2 2518
189 57
305 234
1409 2494
2064 1579
2045 967
2281 607
612 1336
839 2204
442 1302
220 448
657 335
351 2214
2454 1173
313 1964
565 308
1457 1579
92 771
141 1138
1889 1768
2326 1932
233 2142
2205 2134
1408 1865
220 948
35 1538
1952 985
2173 286
2292 1625
495 1127
2357 688
2173 2150
954 1009
1952 481
668 1639
1270 2321
760 411
1002 565
1488 78
765 1562
106 2158
382 1861
2 676
943 1670
1156 263
1558 1357
751 448
1311 1969
2238 477
181 1412
1450 2094
1171 118
777 1533
1866 2359
2401 978
613 1948
1519 662
642 1816
925 1608
1687 122
2381 713
491 636
1401 271
2372 2258
892 1181
1933 322
318 2051
1024 143
698 878
1532 1962
1990 1675
1018 998
1063 2230
1750 1786
1624 1067
654 2426
1535 1927
1064 872
1728 981
1024 1543
2071 907
1867 1252
868 1507
1513 819
814 789
1286 1185
562 1894
815 239
2358 1708
2195 1942
2282 1710
536 1185
1131 1985
2079 1204
2400 1242
1847 1841
311 1631
2301 469
2318 803
2240 1595
849 144
2507 1576
1610 1797
205 2199
909 637
502 2211
1241 1581
272 187
607 617
2431 563
2226 134
679 1169
2154 1935
531 1558
2139 699
1537 456
2499 2047
1591 1934
1836 1923
734 398
1721 2187
376 2273
35 1629
168 1651
1414 1761
1112 154
772 2198
2215 1124
1019 2016
1549 294
988 2350
1643 1439
1885 1146
86 847
1130 688
250 1955
1738 1129
514 1579
1006 697
1854 1325
1907 899
2176 938
811 2228
2482 1735
2365 1268
352 2310
226 2248
1097 2002
2124 1341
2105 1646
103 1914
433 2384
2345 1432
2229 1840
2044 491
743 988
2382 207
2262 1125
772 518
1302 1603
1032 721
2031 421
1968 2309
2273 662
741 562
1784 2428
66 2309
1822 798
1889 1164
1886 2069
1853 633
1177 905
114 989
552 1200
2345 224
2383 319
1381 493
1754 2290
1412 2379
1321 2023
2274 966
865 1060
530 1429
1188 2344
673 29
933 980
2305 1139
1224 2417
1863 1191
1383 1422
339 2400
709 1019
2159 2410
2259 240
2096 108
802 1572
610 1313
1219 209
1706 1804
1763 563
969 1935
948 2123
946 2391
333 271
1284 374
1587 1820
369 910
103 314
1600 2378
1370 1479
641 1164
2082 935
1744 2016
2256 2277
2004 1300
505 182
1963 2338
990 1268
1108 176
1770 361
1514 2322
626 2179
1169 144
746 884
2415 479
2012 376
1988 1472
271 167
948 94
900 1907
518 668
762 1816
2324 899
305 1453
1742 677
109 2020
133 2331
509 2036
2248 2311
1625 1337
1701 928
2144 1144
1694 2414
1966 403
597 1779
1774 1027
2125 1090
2165 2134
137 1415
625 481
35 462
1307 580
1720 2459
870 702
1220 2489
529 1408
1050 2097
2340 200
1023 747
2449 1243
2445 2365
2010 1374
2332 1609
704 1314
519 1824
1329 970
1386 1502
74 2451
196 1320
1365 2302
1522 1162
1625 1736
1541 1449
728 1301
1999 1156
866 824
166 1315
1301 1898
2339 1648
1187 575
472 1639
1816 247
1881 1123
13 2506
1579 1750
1761 629
2207 1734
370 1583
1160 640
538 354
2302 1155
252 794
1999 2264
1977 1302
1599 1043
2259 2144
1457 2114
1600 402
795 2093
1014 1656
1232 619
1885 1857
531 477
1079 1129
2338 451
32 678
312 1182
2429 1322
500 430
1378 621
229 14
1370 1722
1896 1073
268 831
660 2516
1841 1831
1496 1542
1675 1807
2051 1573
1885 1651
1978 792
123 229
141 2087
494 1096
301 244
1985 607
1607 1697
2305 1062
2188 530
2509 679
2174 894
2517 961
1695 2219
1091 1154
382 2054
2230 369
1446 719
1766 1814
1629 42
1467 2331
426 204
1328 1783
2248 2064
182 453
2140 1591
498 1337
1709 1190
1960 523
568 1982
223 307
2484 1872
362 588
1555 939
947 429
236 1720
1136 684
1850 494
2020 1941
1907 4
1495 1174
1050 2023
1599 1495
1400 178
343 458
1345 1849
1741 1953
891 1360
973 1594
47 1284
1294 932
2198 1565
1628 418
2514 426
1745 1132
1006 2335
1477 500
149 1240
695 2067
1545 41
1782 1806
1685 1930
824 1001
1447 1264
2462 1177
1681 735
1484 346
1894 1967
1425 1814
2293 962
745 1700
705 1195
1732 1758
155 291
260 1272
676 910
1593 1510
1213 1517
313 2204
626 173
2090 650
558 2427
273 552
1973 724
283 1077
531 2192
1917 716
381 1658
201 1768
1201 1893
354 2090
478 717
1503 119
1477 1516
584 2501
652 2154
949 2374
354 1090
1551 622
722 1004
1843 500
1048 812
631 51
75 1666
1164 859
364 322
1116 2228
922 318
2044 1668
1022 1979
2125 1127
1927 1527
1477 2163
1638 656
1667 1942
2193 1365
1042 895
2089 248
2439 1328
550 2099
191 404
1720 1614
202 1707
70 999
50 1188
312 2105
402 2114
545 634
2450 1919
1905 1659
2179 627
1088 745
1657 1539
1347 479
358 936
765 1677
1713 294
1248 841
460 282
1803 1908
1248 2259
1802 218
1116 1699
854 2176
1413 1993
659 1261
2126 75
360 1002
1277 267
974 699
112 2511
382 2004
1436 1392
1941 2277
2237 4
614 48
122 1957
2333 1303
2444 955
336 1669
2286 1291
1845 828
644 969
1122 1870
1347 926
87 1684
2399 1984
2287 110
1492 593
1163 1790
951 154
1751 368
28 869
773 1997
98 653
2271 88
297 2246
1308 786
2039 1243
200 941
2114 859
2277 848
520 13
17 936
224 862
809 1946
2162 2309
1148 688
645 623
395 512
8 1392
485 1331
2057 751
1946 758
536 1073
149 1286
145 935
480 2303
407 2109
383 2252
2421 1089
2204 1896
1421 269
432 1727
438 1348
1452 1794
578 966
2221 2107
389 1287
992 2000
577 421
1720 1255
885 545
2269 1755
501 926
865 2229
1572 1259
1080 2478
1938 143
1966 2063
1797 1695
1126 2348
306 2002
204 2046
2075 1795
225 2374
1618 1527
1324 2158
1072 103
2001 1554
1862 1481
2132 1976
110 2329
185 1118
1972 320
1269 672
798 1283
1076 365
287 1856
523 1176
125 1239
857 1410
668 1378
1133 673
1258 1010
1050 707
596 999
545 440
1766 1252
1718 1954
2329 1391
2126 1990
2487 811
2427 661
1694 125
2440 2427
1454 2146
1010 288
2417 1739
1467 1410
837 685
259 2376
436 1502
716 2010
1525 1069
2264 686
1437 1253
1441 709
624 1982
675 2223
749 1275
821 1597
1748 466
797 1838
1485 1609
913 1808
548 109
2423 1284
146 2279
448 1424
798 763
418 2230
271 59
1918 2080
387 2481
872 591
1298 1905
1359 2377
507 776
2319 452
209 2316
1212 2226
2478 1217
2258 1427
1105 2356
730 1309
2290 397
1734 542
2457 240
1884 1589
754 1034
2495 575
2236 964
377 1359
1171 1074
2013 2260
929 2383
2319 902
2439 2012
1442 810
2231 532
750 2223
2503 1002
1168 1353
1555 1511
384 185
1992 2398
1911 1015
15 2161
2467 508
869 453
897 2487
1088 125
2406 1513
183 1451
1140 1665
28 421
398 59
1789 2131
690 1935
1342 767
2228 1755
724 2286
2505 2473
1229 1413
314 2241
636 1446
1875 491
675 1193
312 533
1744 2089
1929 309
1131 328
303 1181
1846 1874
1683 1213
593 2276
337 457
2433 2513
2102 2063
2481 1974
2435 1768
312 150
2327 2309
2313 852
655 2436
2000 2427
1370 2272
2198 890
1758 2260
655 1794
2513 2302
716 2511
924 957
1355 804
464 1107
485 1825
432 2249
1101 1182
1549 550
1114 1794
1176 1988
2110 2007
1461 2127
2467 2460
1788 366
104 2030
942 2398
655 187
835 713
620 1022
1847 56
2064 1207
1742 2230
473 130
849 2044
2411 1348
330 1919
2131 1394
1132 1158
1269 139
550 534
847 1203
1767 351
1952 1373
141 161
2199 436
2410 1008
1546 167
1856 623
2287 1135
947 197
1451 1696
2359 277
889 2161
1319 2300
500 1409
1552 628
2364 1428
1648 1720
1199 1824
2153 60
1791 2417
264 166
897 975
2066 1797
1663 1870
2029 114
1180 2235
2062 607
1078 1877
2388 47
2200 859
1330 1399
457 888
1798 1104
107 2109
815 1621
1539 1275
537 409
2162 685
1845 432
125 940
1231 1003
2076 2151
57 1751
1711 1677
1601 635
868 489
2257 1509
2323 1242
280 2303
447 2499
844 1376
2353 2391
260 1256
2399 1109
1384 1639
474 570
126 1199
2174 383
151 466
592 1160
766 1858
1184 1964
2344 1
1427 164
2214 712
1579 586
108 1314
1465 2123
902 1336
1300 1347
1541 896
1865 1467
2297 708
2142 670
1843 1419
1929 969
1103 696
355 1748
287 1339
40 1395
2079 943
399 1263
2226 1247
2481 373
933 931
1154 218
1390 1606
2262 284
687 1183
166 1460
273 2142
1173 248
764 766
693 1084
565 337
1868 2118
1354 1674
1445 1577
1443 1457
261 570
724 2006
1788 1356
726 23
953 2298
282 866
2091 990
1390 569
164 1686
2393 2327
2060 971
809 2219
1821 556
966 765
1782 939
295 30
1084 2125
148 592
582 636
26 348
1080 1220
492 2207
1212 2314
1773 19
2069 1431
534 2229
1893 2161
1839 73
1198 984
1311 194
1057 984
1981 531
1 464
1015 1921
54 1218
489 2115
2101 1818
142 1740
1060 639
1208 1759
1316 1701
1759 1527
244 169
188 2460
125 1169
2199 1103
1550 595
388 1858
881 2070
2081 316
294 974
1527 251
2282 2371
63 171
87 1067
220 2341
1241 707
2053 387
2248 335
619 685
70 2390
423 1258
537 987
154 806
1469 1877
1535 1839
1432 120
701 132
1255 2148
502 2361
1993 869
16 1288
1467 176
1807 643
545 170
1086 1604
1292 1905
2240 40
432 570
1579 2061
797 906
2058 1538
1205 1096
1330 2489
2462 1458
1207 2262
360 2134
20 972
440 350
949 717
439 2036
209 2362
387 553
803 1053
1220 47
655 710
1751 1147
757 1227
2400 1071
2414 882
643 1636
1291 487
1524 1677
322 1677
473 11
1330 717
2269 482
2391 521
286 162
1304 1952
425 2434
1622 2251
993 623
1717 1830
403 2064
1130 1883
1950 2499
1923 1839
1794 1113
1769 1581
184 1416
1723 2401
1423 2405
107 1553
279 1081
787 2060
705 360
1878 2514
1614 869
944 860
692 770
420 2370
1237 2404
1151 176
94 1827
846 1746
2019 333
374 1594
949 1898
1722 1276
926 2178
842 2383
2257 1447
2061 263
411 1920
1442 53
1309 1239
1389 2127
2326 712
1514 1080
414 2420
2326 1110
2225 1119
2 830
1412 358
1115 932
1668 768
2489 483
362 370
1005 2176
628 2351
604 240
353 2230
852 1332
222 297
2480 1710
1866 1300
1594 1531
898 1573
291 1792
952 1457
470 2180
733 290
1122 667
378 1720
718 248
1753 1742
333 1398
1045 2240
1317 565
1418 80
481 893
1061 1636
2304 203
2002 516
286 229
303 1072
187 2012
181 162
1706 1326
277 2275
1457 1933
2119 678
2001 107
1655 2112
1004 783
1091 2479
1434 1595
2255 1363
1264 2321
759 335
1110 1139
314 2437
1315 307
949 771
1074 2468
542 1070
1643 22
1404 805
1333 2167
493 2391
1358 874
843 882
653 917
2246 672
1029 811
1302 1881
743 1050
1855 939
631 2440
243 1061
551 740
1821 1975
397 263
614 2219
1086 2468
1043 925
2002 16
1046 2274
448 115
397 2050
2368 1646
1492 2041
1678 695
881 1860
623 1517
1637 983
931 2042
2244 1067
101 1233
2083 1063
982 4
1803 287
723 415
931 2092
43 2095
1225 152
1673 1091
589 1211
794 2439
956 129
1978 1170
2488 1529
2405 1260
53 1706
1299 1926
1942 2022
158 514
1328 391
1106 2045
1024 1804
649 1325
1760 2071
1119 832
1685 828
2023 248
708 537
1039 345
1533 2156
2161 10
1149 2015
176 1716
174 730
2225 1317
827 816
2377 324
743 1415
425 1507
1590 1989
1059 435
1652 796
1146 2345
1348 62
2454 930
1308 843
1832 1558
1388 2395
1273 358
629 1413
211 1331
1512 984
1960 1102
765 1937
1985 445
436 1443
9 2419
1211 2099
975 914
1640 497
1450 145
683 1653
2495 750
1796 477
2179 542
919 1774
1654 1175
2221 34
486 521
643 363
2354 97
598 1744
2304 2064
2449 1642
1219 2435
441 886
1592 638
2382 2091
2160 1612
883 1214
1273 315
20 503
987 579
1849 1941
1844 202
1225 2275
559 1567
1930 1433
315 145
1196 2476
1103 2446
1731 28
2014 462
365 685
860 2327
2371 1782
87 625
721 2375
2161 959
1874 326
538 2125
2233 1686
72 43
1840 1347
2266 342
2212 1033
1721 657
1978 1519
139 537
46 2030
511 131
2435 1650
945 279
2152 598
977 319
1324 1194
1863 1141
2127 1183
1326 2434
333 2057
1987 1650
1497 2373
1200 914
287 1178
1601 2163
603 1694
12 1551
2370 2510
1794 1037
2263 2016
322 818
1900 251
1744 2515
781 1872
1647 2218
14 1404
1559 977
1458 2493
2090 1201
846 2110
167 2048
17 1242
232 2100
1081 856
1263 2503
317 1828
2480 1272
226 504
1854 1891
1904 802
406 2075
1095 2043
1241 637
753 917
1366 1152
407 2218
352 2288
155 812
1437 1532
16 443
1260 2171
1947 1379
1601 2132
675 2212
2025 323
443 1127
1358 1269
1270 1305
2032 856
1922 750
477 2016
787 1593
2406 351
1692 1529
912 1219
717 2300
1856 423
1597 457
1410 436
61 342
345 1746
260 1982
215 772
867 1390
586 2223
1306 1042
360 1699
1414 150
2198 1669
1586 500
326 1640
2315 2197
1317 576
2511 2452
36 2475
368 2244
609 459
1533 985
2228 627
307 1693
1812 678
1598 1887
1381 2265
1734 83
1362 1949
662 935
871 2456
1444 650
1156 1302
1770 1637
85 1073
1083 2432
2254 1196
709 1839
1954 41
71 1383
1281 128
1796 1877
802 2380
1344 831
2235 2391
1112 1951
668 2441
2448 524
1024 1652
304 910
1074 742
1840 214
445 1556
624 1671
1021 2432
715 1939
243 2355
2240 612
431 2364
2384 1556
306 2002
1390 1258
2258 2034
2130 1896
1333 1096
389 1652
2004 146
2313 2220
1084 2023
434 1206
453 201
367 2020
755 1974
2097 1293
1488 1715
2061 1244
1873 241
1299 41
139 767
2412 2060
672 2003
585 1244
1309 2089
2251 2261
723 975
586 2159
779 46
2275 145
461 1543
1825 505
2125 1531
165 1120
1291 1970
1987 544
851 2398
319 653
838 2079
797 611
1900 934
1481 1449
1697 2232
372 2241
1940 245
2197 2047
284 1500
778 958
2463 2071
1602 2201
1235 2365
904 990
279 2229
431 2079
1824 1950
2278 1668
1110 315
2445 667
1943 2410
462 189
825 708
1010 728
1829 156
2106 1301
2093 183
1305 213
21 2059
1872 628
1304 2274
2428 442
1804 173
24 2344
749 417
95 589
138 1063
281 789
1283 473
2191 1481
2360 1246
252 1266
36 1966
1812 722
1748 2029
2474 2215
1251 1153
1007 2174
2230 636
501 1594
2113 610
2069 1609
739 666
635 2284
1642 246
1744 1806
2419 1394
1060 1535
2312 22
728 1505
1091 1203
1677 2040
1919 1640
1010 904
177 152
1397 1918
851 1875
949 1384
1304 1567
1099 1457
2166 2402
757 1552
675 51
1646 1364
1818 1210
745 106
1030 1336
2243 2387
2054 629
2346 122
986 921
1745 1759
2184 1836
2020 2375
111 1957
147 1139
30 857
465 249
1596 2147
456 959
950 1466
2141 1374
186 2114
786 1555
2320 1709
2463 515
631 498
1944 658
697 2254
521 1784
1203 479
45 125
1963 1286
2110 2279
262 418
2310 1645
1576 899
229 2398
455 1099
256 1408
364 10
1403 37
851 1877
1163 1628
457 1565
1908 1577
1775 1143
1886 772
1535 926
2016 1706
2511 590
761 614
2472 1211
467 5
1900 1241
2426 2278
829 2440
1845 1439
1581 924
2489 1178
10 2344
1607 1007
2211 831
560 1419
1837 1201
1612 2441
2342 1185
832 1236
1899 803
841 844
218 898
311 490
207 2421
1445 2220
919 1393
201 1901
2324 1231
146 1584
1148 1863
2390 1410
400 109
2420 542
1988 1159
1256 269
19 2193
1934 1304
1937 1294
900 965
2061 37
529 2135
188 2432
44 2318
2324 1597
668 2049
373 1881
2402 1166
1718 2392
957 1983
1877 2352
2129 552
1578 2020
1904 12
1674 1565
2418 2058
1800 2116
1948 713
1465 1062
1525 2027
1895 912
1350 971
2448 1480
2008 2061
2206 1818
1439 2406
639 1994
2407 928
595 1074
1485 431
2333 1209
1920 686
1850 2008
1120 2297
2432 2233
473 1613
2373 785
480 1625
549 1635
1483 1487
231 1386
552 2228
108 218
2301 1258
679 1817
1472 697
2477 159
307 2279
1565 2240
1101 880
1510 1240
1574 200
2023 2007
1412 2106
1129 1164
2357 413
1195 684
123 1644
332 38
921 2397
2350 791
285 1293
1369 1211
2366 737
2290 2018
2504 332
395 1309
826 441
1134 1937
64 190
1308 1856
12 766
2348 967
2072 615
2066 2365
1205 1211
535 1272
1391 2422
1497 15
1568 1073
2261 2144
937 1754
1400 1017
527 932
1878 2124
2482 1062
1410 801
1227 520
409 117
811 1402
1699 960
2378 618
2201 563
806 1553
1044 199
349 1703
1720 44
2207 994
58 1898
1870 1364
888 744
2195 2024
2483 549
1520 1125
1652 185
915 971
1424 14
2488 2075
1210 193
2220 955
1397 713
2455 2120
327 2396
2148 1168
139 786
2334 2400
1811 124
394 205
1230 1508
237 84
1657 2315
1994 1070
1578 1666
928 460
872 804
1764 127
2142 919
349 321
2251 2342
1638 169
1104 2498
689 718
143 1756
831 17
101 1999
631 895
574 1808
1262 734
695 800
962 1744
1498 2163
742 864
1046 581
453 351
1024 2330
1688 676
559 2140
2131 1549
936 1180
2326 635
2285 702
2238 603
432 602
966 1273
567 315
2134 368
290 680
551 2192
1656 2326
461 2219
2221 1342
880 73
1911 299
592 1079
1145 666
1270 972
1583 1706
877 2232
279 2342
996 1210
1134 950
293 1865
1464 1963
91 404
620 1686
1902 1967
795 28
322 598
1701 409
1383 1599
2163 1612
1645 2215
30 2003
1264 2338
1064 2216
1281 1382
549 1359
199 166
1142 660
910 1619
369 2085
102 1650
1203 743
1287 1686
2200 1331
1111 1307
2385 2022
2515 299
432 1434
1927 946
680 2089
1847 2396
191 537
356 313
2441 653
2077 1638
1494 2355
1784 1844
2359 2409
28 21
1352 2249
250 2000
2103 1550
465 1000
1203 271
203 1723
1533 483
234 2057
2139 436
649 841
363 2412
268 1098
281 1654
2428 1665
73 558
476 2128
329 281
566 1457
1100 1518
2297 2281
1529 1692
2268 1717
418 42
1663 499
1627 848
2257 1274
1971 546
2251 334
1302 2150
1360 1194
2195 2474
1536 1750
1057 451
181 965
1107 2376
2242 1878
1242 1704
619 1542
1144 102
1342 113
2175 1999
192 2179
1166 1363
2331 2031
2212 1257
1795 1578
927 1981
2285 2398
1046 673
1031 351
824 1199
2158 2345
916 1738
1604 333
1927 1545
2138 559
404 1938
846 102
1389 214
2440 1042
1438 1903
691 2442
499 2097
1818 2349
1124 1688
1353 465
848 1717
1525 923
1824 1140
339 770
434 1981
1917 1252
1273 1667
1869 178
448 1702
2024 2082
596 2334
1396 1937
2085 2468
1828 2154
224 2222
768 622
1281 1802
2352 2233
935 2101
873 1476
1346 566
1175 1360
285 67
2257 984
721 1971
680 2053
2059 1195
1037 1737
1281 1865
1582 2120
595 1273
188 1199
1676 936
1733 503
926 2239
980 2154
1193 733
487 2326
1298 1407
2369 2156
1440 1359
566 150
1280 48
612 2056
649 728
422 2343
70 866
1889 1073
980 291
1864 2417
151 2038
2338 971
1054 2432
467 341
1256 317
1354 1795
1339 1851
1375 368
2036 856
2443 1539
2234 1129
306 150
2283 833
1890 110
185 145
2512 1732
243 2380
351 2182
1438 2309
1841 1437
343 1863
2210 1585
1056 2056
393 1428
1219 900
113 2466
2489 1764
710 154
1482 1419
135 1778
2202 2466
982 2100
940 2059
1910 959
2269 1110
402 1328
2019 1471
1751 1677
748 2182
22 1825
1507 451
1141 520
2341 475
1239 1766
202 711
360 441
1823 745
2221 1918
237 195
50 1081
435 1303
2037 495
308 2463
623 741
2492 1670
203 2310
1215 70
1785 2480
2168 1762
1540 1577
1642 2307
102 1577
879 248
1196 1788
1833 1404
1815 2290
2345 1944
153 1780
58 1043
817 1010
283 1522
970 904
1902 809
2185 1088
1798 1741
1353 1010
2193 28
783 1619
645 343
504 2176
100 594
427 345
1264 1181
822 144
1791 1365
628 663
159 1922
2451 425
765 1539
1273 142
528 682
494 1244
1468 738
91 545
1833 1976
274 703
179 619
523 2062
2483 1406
142 442
1673 376
2200 1477
24 2182
2309 922
802 1511
1845 1947
2111 505
1377 706
2269 1630
2121 1860
2098 303
747 2352
312 2210
559 220
652 1582
1801 2241
1631 484
1457 1139
2295 724
807 2236
652 431
461 2279
2203 2277
1447 120
624 256
2192 24
1033 2092
2242 1803
2056 1467
261 1162
17 2319
2029 2356
1774 1991
713 935
1289 178
823 1438
2176 868
109 481
955 1146
786 2463
740 2135
2012 611
218 755
91 1040
66 2422
758 2201
1696 872
2197 2420
425 517
1087 634
809 2302
249 363
372 782
39 1926
470 1479
1998 419
30 574
2131 108
724 1352
2312 1820
2292 1953
1984 1694
1193 1172
1211 1260
1636 2168
3 1048
1602 398
2115 688
1082 981
815 402
2338 1727
290 1538
1672 1886
1905 1112
472 560
1921 609
2309 2366
139 1507
1104 1232
593 35
73 856
1271 1474
1380 2047
1979 1252
727 222
1893 865
2520 2007
977 549
1909 154
2017 2141
1918 1765
2043 1210
1958 1318
370 2043
879 769
1905 2161
1229 961
2466 2232
2313 1345
464 736
1472 143
1466 1653
1469 1582
1905 2025
313 2490
1995 289
1939 2386
837 2156
1243 1926
1552 2155
1956 1081
1776 755
1191 2199
4 2161
978 1644
883 27
1196 243
1647 2184
1611 1332
1010 222
2135 1251
133 1169
1871 1546
1654 1714
871 88
1419 1790
219 123
1958 1300
1811 2181
1680 1090
948 340
1508 2377
963 454
818 343
2319 1316
1315 1741
766 1803
1172 1365
2501 15
261 483
2320 2239
1555 1867
1015 40
1771 1465
600 1435
1541 2447
257 1563
723 649
57 1053
1207 135
2378 668
928 364
374 2325
1074 1024
1578 217
163 1300
155 45
2332 1823
1649 2054
578 1197
831 855
6 540
1362 965
2013 108
948 226
1401 1476
60 243
519 2256
800 1433
2172 1301
1274 1161
2343 1768
2247 702
478 2121
1342 1540
356 249
1436 1747
1359 848
1178 950
1412 727
1834 1569
1260 329
635 2513
870 689
85 606
600 1833
761 1038
348 1711
2114 1698
1560 1742
1306 532
657 598
2050 775
1108 2249
1097 507
52 2271
1583 1542
1990 1180
1258 1509
262 1370
1996 1741
1382 797
1148 2160
395 778
1485 955
2441 657
2185 192
1105 1524
540 23
1189 2180
1943 276
1666 1717
2303 2015
1153 2043
1036 516
2153 2142
933 2104
785 2400
471 974
1210 878
307 1801
1329 2418
1606 864
1403 2042
448 1995
2340 1586
1469 24
2496 860
1758 209
106 1920
1068 1926
2507 654
2104 1830
1501 1823
1258 622
1613 1168
1748 378
246 1494
1598 1967
1293 904
1047 2006
1569 2438
1938 1207
1400 1230
940 1327
1572 818
1883 2218
2392 1895
1314 1505
2451 278
429 798
481 561
2116 829
74 964
1192 2099
665 1734
2274 796
2288 181
21 1848
2355 1678
1576 831
2053 2327
957 2060
450 465

